mu = 1;
R0 = [0.5 0.6 0.7];
R1 = [0 1 0];
dt = 0.9667663;
z0 = 4;
dir = 0;
[V1,V2] = Lamberts(1, R0, R1, dt, 4, 0);clc